id,Status_C,Status_CL,Status_D
7905,0.510462247244871,0.03516087972205675,0.4543768730330724
7906,0.5063380268881253,0.21976064496357356,0.2739013281483011
7907,0.03438467109686619,0.018454283730778568,0.9471610451723553
7908,0.9728009111057226,0.004631758620094372,0.022567330274182878
7909,0.8485555818580693,0.05512702282408797,0.09631739531784266
7910,0.9904289363693473,0.001601865546272077,0.007969198084380796
7911,0.9699301784132757,0.003927321296206437,0.02614250029051779
7912,0.14652369546952804,0.02278526846815641,0.8306910360623156
7913,0.004669928177776194,0.0010104449221265363,0.9943196269000972
7914,0.6655383380460655,0.017785294973664795,0.3166763669802696
7915,0.8119323818716144,0.019591774394188896,0.16847584373419663
7916,0.7190835994870561,0.007083333948253145,0.2738330665646909
7917,0.44189049208635833,0.15040095972399214,0.40770854818964947
7918,0.9018660484205343,0.010822435464448832,0.08731151611501686
7919,0.7153652354323575,0.041143152354260144,0.24349161221338234
7920,0.9422719151604108,0.005715920276244542,0.05201216456334478
7921,0.9244851454121663,0.008078844690337598,0.06743600989749615
7922,0.04647913348647167,0.009706695256698256,0.9438141712568301
7923,0.9051221176025808,0.0028553082390807196,0.09202257415833856
7924,0.6676560058282706,0.17429852893113465,0.1580454652405948
7925,0.011226050342544376,0.0015948398195327449,0.9871791098379229
7926,0.8644785861879969,0.004620689338805192,0.13090072447319798
7927,0.8155970398615532,0.027644396240975564,0.1567585638974712
7928,0.08333431382029512,0.011042691859211116,0.9056229943204938
7929,0.9341458921726972,0.015329346905756089,0.050524760921546764
7930,0.1857721527660198,0.11917757377437474,0.6950502734596054
7931,0.9211002230464136,0.006866293617014171,0.07203348333657225
7932,0.23717409057908978,0.02625586843104802,0.7365700409898621
7933,0.5469867436831973,0.03777052952617662,0.41524272679062607
7934,0.9772033629993191,0.00221714714458229,0.020579489856098525
7935,0.9630829024085998,0.004107676259294027,0.032809421332106
7936,0.9062176319013889,0.0242962023394691,0.06948616575914181
7937,0.313335049992678,0.015738964311893554,0.6709259856954284
7938,0.9450816794400905,0.006457216691567801,0.048461103868341585
7939,0.44865341685168103,0.0747001236119054,0.47664645953641366
7940,0.618712601323731,0.07220036452987572,0.30908703414639327
7941,0.14220565196631701,0.10462690561326524,0.7531674424204178
7942,0.9227538895068077,0.00884870448858354,0.06839740600460874
7943,0.06749623399953597,0.027501899882275308,0.9050018661181888
7944,0.9791961491817088,0.0017098600319738868,0.01909399078631746
7945,0.9560179097313289,0.002875490627391986,0.041106599641279114
7946,0.9346591734409782,0.00970739581071238,0.05563343074830944
7947,0.6631792180960305,0.011077915430699973,0.3257428664732695
7948,0.1522834478145794,0.02197812489624334,0.8257384272891772
7949,0.07127588068033681,0.12165550601993488,0.8070686132997283
7950,0.9558717203537251,0.003878301832292819,0.04024997781398209
7951,0.35371216228904373,0.12465401138582388,0.5216338263251323
7952,0.37483730904998175,0.11314665727721994,0.5120160336727984
7953,0.011038583267584497,0.0016710370225467594,0.9872903797098688
7954,0.9138116571982564,0.006254866678480746,0.07993347612326296
7955,0.26109229122630934,0.01802973086895412,0.7208779779047366
7956,0.03371439377813298,0.021801799089984426,0.9444838071318826
7957,0.862332583561078,0.023119984509544656,0.11454743192937732
7958,0.018694102005219586,0.004355320173517605,0.9769505778212627
7959,0.3104692285223343,0.03739676906638513,0.6521340024112806
7960,0.13809123863837008,0.023445301333984484,0.8384634600276454
7961,0.8954328636869546,0.009476145208396958,0.0950909911046484
7962,0.12781897066164044,0.004196214106746281,0.8679848152316133
7963,0.10366538955727864,0.06909384810213373,0.8272407623405877
7964,0.020217061017951673,0.010638406303949702,0.9691445326780986
7965,0.9784711429387779,0.004950375473102144,0.01657848158811999
7966,0.5713048815977009,0.016930873769724363,0.41176424463257477
7967,0.9161981712664349,0.016830009757627534,0.06697181897593757
7968,0.9286000132503427,0.0023168844620464757,0.0690831022876107
7969,0.3234901730400076,0.03959578871656995,0.6369140382434224
7970,0.9156928517972188,0.002647139307867452,0.08166000889491377
7971,0.9801929149134981,0.001391594069933857,0.0184154910165681
7972,0.5022367853980296,0.24649103247409118,0.2512721821278791
7973,0.9398860932166766,0.006960488067961845,0.05315341871536151
7974,0.3067411166745533,0.059521461759017145,0.6337374215664295
7975,0.9290332379860283,0.011346753898438163,0.05962000811553348
7976,0.8417757150911876,0.007962147569622638,0.15026213733918972
7977,0.9535674191058706,0.009999048422720104,0.036433532471409256
7978,0.03400391814437754,0.004426999493590584,0.9615690823620319
7979,0.3974671966717314,0.029755567985147054,0.5727772353431216
7980,0.9524491924557439,0.003209760808612667,0.04434104673564332
7981,0.8269891896198437,0.028098937117550182,0.14491187326260616
7982,0.8076468173124025,0.013022866514780324,0.17933031617281722
7983,0.8690558060289889,0.028316644699337264,0.10262754927167383
7984,0.10403967694644375,0.025710007988778417,0.8702503150647778
7985,0.5380277990846632,0.015971371006555688,0.44600082990878104
7986,0.15797047407904075,0.2997102984822395,0.5423192274387199
7987,0.6568750860620833,0.03087688932456327,0.31224802461335344
7988,0.7816785276821189,0.021878017435982364,0.19644345488189863
7989,0.9230157978341396,0.010786642043127938,0.06619756012273248
7990,0.36383716321198506,0.017769465810683057,0.6183933709773318
7991,0.05036885086895397,0.01346347343483526,0.9361676756962108
7992,0.9547041586276888,0.007417164939244237,0.037878676433067075
7993,0.7681674107563339,0.01504811677666891,0.21678447246699722
7994,0.962847994099393,0.005182893491804736,0.03196911240880219
7995,0.778684163737635,0.019283675268748014,0.202032160993617
7996,0.026959531257223706,0.014935372671373041,0.9581050960714033
7997,0.9218534889649928,0.014119831891289939,0.06402667914371735
7998,0.004892152875224121,0.0019534893834431436,0.9931543577413328
7999,0.0045876703374490594,0.002408080485498361,0.9930042491770525
8000,0.8476943713187626,0.024891139987647692,0.12741448869358968
8001,0.8778433563362487,0.010619414486352034,0.11153722917739935
8002,0.3611645000208829,0.16119813017516815,0.4776373698039489
8003,0.7598145735043098,0.08434098437053852,0.15584444212515167
8004,0.2935639197772489,0.016027872377634308,0.6904082078451168
8005,0.8494260958950461,0.011682627187307313,0.13889127691764644
8006,0.7807796702050128,0.07215695640162387,0.14706337339336326
8007,0.7750248578617835,0.018718390445210623,0.2062567516930059
8008,0.9621789428994886,0.005837247891420524,0.03198380920909095
8009,0.8267422383869325,0.01227342942643148,0.16098433218663594
8010,0.9221107728507238,0.01398457270031267,0.06390465444896358
8011,0.9025116905383456,0.005061419899748537,0.09242688956190596
8012,0.8521013903965885,0.00560357163662958,0.142295037966782
8013,0.07802951138512249,0.035009349658814394,0.8869611389560632
8014,0.9401405576451829,0.017419702822368915,0.042439739532448346
8015,0.9221388136281332,0.004741027398253392,0.07312015897361339
8016,0.9831368218265836,0.0029561275484707326,0.013907050624945606
8017,0.4872265137108383,0.004581830643695769,0.5081916556454659
8018,0.7478737161107214,0.04209249127874075,0.21003379261053787
8019,0.9644008303419573,0.010060829281505578,0.025538340376537107
8020,0.6732556441526717,0.0232048331960481,0.30353952265128015
8021,0.052210491044840546,0.003946303725055704,0.9438432052301038
8022,0.09303433036654635,0.03140669745250733,0.8755589721809462
8023,0.6787017273735778,0.07148999385686394,0.24980827876955813
8024,0.955995858439554,0.001952217322903896,0.04205192423754215
8025,0.14458935983077334,0.01327496932941294,0.8421356708398138
8026,0.9692116690482235,0.002658265006729224,0.028130065945047272
8027,0.9721378112688641,0.005016539478861225,0.02284564925227464
8028,0.05308062221425483,0.020644250402498877,0.9262751273832464
8029,0.10276681952227211,0.01645952346681181,0.880773657010916
8030,0.9827635933238932,0.0019779735814370552,0.015258433094669729
8031,0.8711940398605346,0.04228626913333811,0.08651969100612729
8032,0.9244202086134891,0.0032734331403860874,0.0723063582461249
8033,0.15315822167745463,0.06374456347684378,0.7830972148457015
8034,0.5907111254092131,0.023309914217497188,0.38597896037328966
8035,0.9634329807924029,0.004125583458117929,0.03244143574947923
8036,0.3530065286397565,0.6249585360111547,0.02203493534908861
8037,0.33192904963535613,0.064118787173637,0.6039521631910069
8038,0.7912915441015027,0.040363998032257396,0.1683444578662398
8039,0.03251770945819257,0.03802994196412183,0.9294523485776855
8040,0.4776269937807692,0.06434499052722832,0.45802801569200247
8041,0.3197684619511385,0.017563730115000196,0.6626678079338613
8042,0.07776673215781169,0.012013635286438801,0.9102196325557496
8043,0.9395416704642895,0.0037760025161404902,0.05668232701956995
8044,0.029381507045530077,0.002697038829201033,0.967921454125269
8045,0.22507061242771711,0.23572623511664015,0.5392031524556428
8046,0.8832303135496414,0.0027667178433679377,0.11400296860699068
8047,0.879789531957151,0.007707639764848104,0.11250282827800083
8048,0.9008907331897738,0.009016803504519217,0.09009246330570704
8049,0.7171313223674671,0.11341178501853279,0.16945689261399996
8050,0.4412719975048931,0.014823809886657982,0.5439041926084489
8051,0.07573499893363508,0.011402192986125007,0.9128628080802399
8052,0.9794757422617572,0.005028509784706485,0.015495747953536507
8053,0.06819833897652444,0.023759896205725165,0.9080417648177505
8054,0.8451481851663512,0.007642424988236334,0.14720938984541257
8055,0.3573637357399776,0.0911124654670236,0.5515237987929987
8056,0.8986666676594941,0.027879628345949044,0.0734537039945568
8057,0.8703066391734258,0.0030224088523790166,0.12667095197419526
8058,0.9074642887567611,0.028122235653555122,0.0644134755896837
8059,0.7853172071312383,0.011340190366941841,0.20334260250181982
8060,0.13327670064711547,0.1851719452526842,0.6815513541002004
8061,0.19191674539520504,0.05150933092631955,0.7565739236784754
8062,0.08849611939887937,0.010195371349760543,0.9013085092513601
8063,0.9560339573820036,0.006604008339906213,0.03736203427809021
8064,0.021056324411729003,0.016637367477692473,0.9623063081105785
8065,0.8004551016261278,0.01691035721966753,0.1826345411542048
8066,0.966578516425875,0.008640331110279856,0.024781152463845085
8067,0.036084231270660266,0.028973852297448845,0.934941916431891
8068,0.8711372464582925,0.011609079035483723,0.11725367450622377
8069,0.8916679528350154,0.014249316223412585,0.094082730941572
8070,0.9578491340170756,0.005593509181403955,0.03655735680152042
8071,0.8374941837714129,0.01731303236099422,0.14519278386759285
8072,0.9439252601062141,0.012754317023735726,0.043320422870050224
8073,0.9625762680276017,0.004266550603421832,0.03315718136897648
8074,0.9156041106883731,0.012777418286241,0.07161847102538599
8075,0.9527171617004785,0.011180857535759174,0.036101980763762274
8076,0.9624956124871851,0.008602256354270827,0.02890213115854411
8077,0.10196281066689677,0.1990417467570218,0.6989954425760814
8078,0.14187974449967394,0.03753706228619207,0.8205831932141339
8079,0.9329227468368393,0.002991898266297884,0.06408535489686289
8080,0.8986645015760472,0.011909437510160464,0.0894260609137924
8081,0.9585205479124266,0.0035614459436695955,0.03791800614390384
8082,0.8521426623285626,0.027064385285423966,0.12079295238601336
8083,0.35046894047289395,0.06125271534804096,0.5882783441790651
8084,0.023738859034104064,0.0032856344999583915,0.9729755064659376
8085,0.9728139442739605,0.006196936742244472,0.020989118983795046
8086,0.0035651221484480217,0.001235856710055975,0.995199021141496
8087,0.7514519858307727,0.03389341264263253,0.21465460152659485
8088,0.2673361627160618,0.013445148519809276,0.7192186887641289
8089,0.158878225770665,0.0066995713215542915,0.8344222029077807
8090,0.030744165229657883,0.009138818662131436,0.9601170161082107
8091,0.9684510084493082,0.004971843206691717,0.02657714834400012
8092,0.009388856333085694,0.003256215108610971,0.9873549285583034
8093,0.9301367775594738,0.022263366392710177,0.04759985604781608
8094,0.16940016391581658,0.07248962840368094,0.7581102076805024
8095,0.6781247257441385,0.08509506186611625,0.2367802123897453
8096,0.31010438734632445,0.013453576517002297,0.6764420361366734
8097,0.16418317343049543,0.02973170930634625,0.8060851172631583
8098,0.9221707392985358,0.014492939272382602,0.0633363214290816
8099,0.761687486936722,0.007173262550146906,0.23113925051313108
8100,0.04249375257632968,0.010118898037554953,0.9473873493861154
8101,0.31365516449868647,0.049854319611762364,0.6364905158895511
8102,0.7459795468402436,0.04155823376283972,0.21246221939691662
8103,0.4079283368891938,0.07886454348365379,0.5132071196271524
8104,0.5315889717614084,0.11225147653624526,0.3561595517023464
8105,0.012947554967011719,0.001992044426126275,0.985060400606862
8106,0.9730587547611926,0.003401576756501052,0.023539668482306302
8107,0.0082043299667514,0.005004338210912353,0.9867913318223362
8108,0.9260208972788752,0.021350468576755686,0.052628634144369156
8109,0.62968298658376,0.0038960143026447788,0.3664209991135951
8110,0.9775416817898993,0.012258168122698867,0.01020015008740184
8111,0.6744415731762589,0.1277723242000541,0.19778610262368698
8112,0.8124483316605242,0.021873740947536437,0.16567792739193932
8113,0.0074710251350278535,0.009942530960638954,0.9825864439043333
8114,0.052135710067012474,0.05515570939675584,0.8927085805362317
8115,0.9212062504226011,0.005160190273142168,0.07363355930425676
8116,0.8043175377181825,0.05088725688978811,0.1447952053920294
8117,0.21476894261930307,0.030271708388452064,0.7549593489922448
8118,0.5353833617165553,0.0656151556674346,0.39900148261601004
8119,0.6340898059724619,0.04271842167354897,0.32319177235398905
8120,0.9624615835780359,0.011670980143407256,0.025867436278556925
8121,0.5587370262540354,0.0575450221419066,0.38371795160405786
8122,0.9838800561618113,0.0020823382332804856,0.01403760560490825
8123,0.9756419808396118,0.0026729584448391213,0.02168506071554899
8124,0.3455677881430877,0.3544324672596144,0.2999997445972979
8125,0.7771465390029172,0.009187939587781453,0.21366552140930137
8126,0.9127201698354839,0.009929149849479952,0.07735068031503614
8127,0.1607589168351223,0.018280773338166276,0.8209603098267114
8128,0.5796389375463411,0.04455236255905059,0.3758086998946084
8129,0.9645540359300324,0.016679330599390918,0.018766633470576752
8130,0.7425227643135567,0.030359699553256885,0.22711753613318644
8131,0.0321199704639798,0.02538027715783238,0.9424997523781878
8132,0.8358225081555706,0.09317347245950289,0.07100401938492655
8133,0.9283281018815209,0.016968539055371958,0.05470335906310718
8134,0.6770059088542836,0.059239700835948414,0.2637543903097681
8135,0.02540883496170066,0.00584164984203484,0.9687495151962645
8136,0.02222087058304655,0.005644247646022721,0.9721348817709308
8137,0.16777417189287663,0.006348328326286827,0.8258774997808366
8138,0.19061682704037608,0.030630089203941183,0.7787530837556828
8139,0.09847771147954701,0.007663591230601817,0.8938586972898512
8140,0.8821889772696683,0.019014529996664663,0.09879649273366709
8141,0.9687315938725602,0.003611019316819667,0.02765738681062014
8142,0.8660852258246575,0.10211343832848438,0.03180133584685807
8143,0.7923214422133456,0.16701297069955648,0.040665587087097915
8144,0.21848442563442785,0.12985932724635366,0.6516562471192184
8145,0.9519599164040583,0.0066002781459091305,0.04143980545003255
8146,0.9211236467269064,0.0067139765934474595,0.07216237667964616
8147,0.44994645198037825,0.019815956737332725,0.5302375912822891
8148,0.8482805194917322,0.004746171474255017,0.14697330903401287
8149,0.9736870721644632,0.006120771563534431,0.020192156272002316
8150,0.9495195277249707,0.009279843379698352,0.041200628895330854
8151,0.12366502907347134,0.011374207036248876,0.8649607638902799
8152,0.9632504789096424,0.006040780983396704,0.030708740106960866
8153,0.8887700720820253,0.009885044700854962,0.10134488321711971
8154,0.924627379324967,0.01995184338034112,0.05542077729469191
8155,0.09304821395817149,0.022400368198488865,0.8845514178433396
8156,0.9749128816136562,0.005490526849246053,0.01959659153709774
8157,0.7932832251100028,0.017899976653687664,0.18881679823630954
8158,0.9536596574850629,0.00870543777823869,0.03763490473669843
8159,0.29098056265070565,0.09048544890312202,0.6185339884461724
8160,0.7522609340170758,0.03415870338056065,0.2135803626023635
8161,0.8810412074544887,0.02244969463214862,0.09650909791336275
8162,0.179936110468716,0.5073730597676583,0.3126908297636256
8163,0.23334976526655946,0.023233203015498513,0.7434170317179419
8164,0.6917177259592348,0.10164972837664961,0.20663254566411568
8165,0.03042828927932493,0.0031936047389561142,0.9663781059817189
8166,0.6213274069331184,0.009016315355815131,0.3696562777110664
8167,0.527273675077384,0.05683560798669497,0.41589071693592106
8168,0.6834517792723677,0.01302610778230598,0.30352211294532633
8169,0.8262494118591549,0.010246690064182258,0.16350389807666274
8170,0.570751256258708,0.047488901247817204,0.3817598424934748
8171,0.011938597152848797,0.0037449154569097823,0.9843164873902415
8172,0.01807034122041932,0.019031837562749936,0.9628978212168309
8173,0.7966469080979969,0.006499397895360633,0.1968536940066424
8174,0.9775545880892812,0.0017969679579347062,0.02064844395278423
8175,0.972022897699743,0.0052315596421897885,0.022745542658067098
8176,0.6991603045023232,0.010210526682481314,0.29062916881519535
8177,0.12995276904835182,0.03362546416185028,0.8364217667897978
8178,0.8126224597469925,0.04959942425114163,0.13777811600186582
8179,0.7729038811055975,0.017062196136133568,0.2100339227582691
8180,0.4497712031133847,0.11489737213131519,0.43533142475530023
8181,0.25518777413849436,0.0376308758972283,0.7071813499642774
8182,0.9673495248507032,0.0027390971659059654,0.02991137798339085
8183,0.41786698023788554,0.03486055936843143,0.5472724603936832
8184,0.9007885086171081,0.015326769822927314,0.08388472155996463
8185,0.9855882285880351,0.006839556770883933,0.007572214641080951
8186,0.8781863074656872,0.016877154713957145,0.10493653782035571
8187,0.20685005711662385,0.03630251382422422,0.7568474290591519
8188,0.9165145944300536,0.006014824304186044,0.07747058126576047
8189,0.16318099184972595,0.06238393833716881,0.7744350698131052
8190,0.07822810379529316,0.6553156603197728,0.26645623588493406
8191,0.9463853661743364,0.005567592518617626,0.04804704130704594
8192,0.9471397433733091,0.00720916141674442,0.04565109520994652
8193,0.9546143299242927,0.001520944136113189,0.04386472593959408
8194,0.5651146464869158,0.34969506211713614,0.08519029139594808
8195,0.7902494573244365,0.005001718675971707,0.20474882399959177
8196,0.9292333754938514,0.005248350433420664,0.06551827407272796
8197,0.8745319581710892,0.0044326320919374695,0.1210354097369734
8198,0.5262791883179212,0.028592074090051753,0.4451287375920272
8199,0.9592683717261405,0.0075058090216304834,0.033225819252228936
8200,0.9839607531328385,0.006365774592809123,0.009673472274352439
8201,0.056110819993070944,0.004789772114347531,0.9390994078925815
8202,0.38670624787252217,0.028666400758898612,0.5846273513685792
8203,0.8646452151683658,0.008099623318747196,0.12725516151288704
8204,0.16156378853493347,0.05090674071259988,0.7875294707524666
8205,0.9500986244428088,0.001635214682701511,0.0482661608744897
8206,0.28712054142554516,0.01417749975013138,0.6987019588243235
8207,0.9656158497564115,0.0030543360537912782,0.03132981418979733
8208,0.10791435060881274,0.04534540998718213,0.8467402394040051
8209,0.27779957859441795,0.031803818009524545,0.6903966033960575
8210,0.9537068518449133,0.003170611356819475,0.04312253679826716
8211,0.4260370470642831,0.07091482681573706,0.50304812611998
8212,0.9482268895448409,0.004002815844572409,0.04777029461058676
8213,0.9431761278549663,0.016705790421241894,0.04011808172379186
8214,0.033510002945465224,0.012839468769541429,0.9536505282849934
8215,0.9169063918946255,0.05754901409965084,0.025544594005723533
8216,0.9254575590714125,0.008355037997043728,0.06618740293154377
8217,0.639541333331105,0.04379098234873689,0.3166676843201583
8218,0.07550099276503633,0.022309107752741857,0.9021898994822218
8219,0.9749255014646035,0.009991515799270056,0.015082982736126436
8220,0.943213334149769,0.004295713714550095,0.05249095213568086
8221,0.33939797822100054,0.00719738967661471,0.6534046321023848
8222,0.4518706634732966,0.026204885940717064,0.5219244505859865
8223,0.749232077937456,0.07571012915353564,0.17505779290900825
8224,0.5492617257725703,0.12849567676042561,0.3222425974670041
8225,0.08991633939553485,0.03206623173824362,0.8780174288662215
8226,0.016097280677319914,0.0036707844410115097,0.9802319348816686
8227,0.9853568077604388,0.003926515913843506,0.010716676325717746
8228,0.880939068955547,0.00805317289820661,0.11100775814624633
8229,0.15892049898679592,0.015083101569235792,0.8259963994439682
8230,0.7211313570583561,0.0357608166950598,0.2431078262465842
8231,0.7565411082152848,0.19300872967149763,0.05045016211321747
8232,0.7012683360406821,0.023277140820650574,0.2754545231386674
8233,0.07257459712139969,0.01666630213944778,0.9107591007391524
8234,0.9761243030127649,0.004210948409336999,0.019664748577898083
8235,0.41877785344422597,0.061300361486514986,0.5199217850692591
8236,0.24983889753538116,0.039385434317438295,0.7107756681471805
8237,0.899470860217327,0.02565338802193641,0.07487575176073658
8238,0.41838970484896504,0.02303604437195077,0.5585742507790842
8239,0.0659351363110459,0.07051446105222832,0.8635504026367258
8240,0.8629675670776853,0.034570244825173964,0.10246218809714075
8241,0.023539095631689304,0.004476786379434982,0.9719841179888757
8242,0.859135923260919,0.008440901824694863,0.13242317491438604
8243,0.7053475791830659,0.10861615006072661,0.18603627075620746
8244,0.9845231030131825,0.0010885870559981712,0.014388309930819387
8245,0.9488065613856305,0.016928844037310986,0.034264594577058535
8246,0.5359798529039138,0.01899283503010342,0.4450273120659827
8247,0.98272994725941,0.005056132993053558,0.012213919747536406
8248,0.9749003934362568,0.0036553315615274534,0.02144427500221566
8249,0.8576800745260579,0.009800636065992727,0.1325192894079494
8250,0.9289109743005608,0.017837522193680674,0.053251503505758545
8251,0.7678082632803802,0.0035824091417468343,0.22860932757787292
8252,0.7902980184969342,0.023477552118103654,0.18622442938496228
8253,0.9401005591740315,0.005940506093865342,0.05395893473210326
8254,0.6173141030633854,0.014010849911799435,0.36867504702481513
8255,0.4793327514532403,0.06013593417122862,0.4605313143755311
8256,0.5018631709354863,0.03186323741245402,0.4662735916520596
8257,0.7958070326624161,0.09677509873548597,0.10741786860209794
8258,0.004817003371872154,0.001071067659450462,0.9941119289686773
8259,0.07622020993458477,0.04339606736132851,0.8803837227040867
8260,0.9278262905415116,0.005403690473965847,0.06677001898452267
8261,0.9002525087935996,0.01294384087753347,0.08680365032886682
8262,0.8700662189019686,0.01274455261809468,0.11718922847993676
8263,0.8778254178545715,0.054139168571909355,0.06803541357351928
8264,0.8515668070267235,0.004860452859859291,0.1435727401134173
8265,0.8490657371785962,0.038453039582464724,0.11248122323893919
8266,0.004736068699051442,0.0012228694346622065,0.9940410618662864
8267,0.9320664754750666,0.005374255694016935,0.06255926883091655
8268,0.8965417929296634,0.01181845996239733,0.09163974710793933
8269,0.9190441153419706,0.008545663303903519,0.07241022135412578
8270,0.5586689875622359,0.04038795795162612,0.40094305448613804
8271,0.9374728070502034,0.03532341280463749,0.02720378014515909
8272,0.9517067414072741,0.00220807639763477,0.04608518219509112
8273,0.9032278645087253,0.04382107961726158,0.05295105587401308
8274,0.8551085090366057,0.02315023311071584,0.12174125785267834
8275,0.10227271929787919,0.08283176628668985,0.814895514415431
8276,0.2517141485414607,0.02231673283426247,0.7259691186242768
8277,0.9522398022742927,0.008040503439749923,0.039719694285957285
8278,0.8039904178633318,0.013419478648522888,0.1825901034881453
8279,0.8560382842899525,0.003929373776825587,0.14003234193322187
8280,0.01689319715625303,0.008664425990639033,0.9744423768531079
8281,0.622411116272512,0.051445902403641934,0.326142981323846
8282,0.96800991995989,0.012836273768647405,0.019153806271462518
8283,0.8745066644412115,0.005993517360010998,0.11949981819877756
8284,0.9276069092386723,0.01595191951498165,0.05644117124634613
8285,0.1004591065471159,0.01339589540863189,0.8861449980442522
8286,0.9879458209540483,0.003558201620319566,0.008495977425632198
8287,0.7192832569910695,0.009529849697306107,0.2711868933116244
8288,0.9831863003427445,0.002604429699704854,0.014209269957550612
8289,0.3866348388612577,0.038154733709749714,0.5752104274289925
8290,0.2904634906637286,0.0304106892343245,0.6791258201019469
8291,0.28757944178296746,0.010932282282592996,0.7014882759344394
8292,0.8049570273587068,0.01637083367069618,0.178672138970597
8293,0.9198045882157002,0.0026550211860172958,0.0775403905982825
8294,0.95777856846868,0.003854392718370732,0.03836703881294929
8295,0.9576446189412166,0.005873717179340714,0.0364816638794428
8296,0.7158052653494301,0.03518093573085262,0.24901379891971726
8297,0.9155038153091426,0.009053755119412735,0.07544242957144459
8298,0.9776763627872186,0.0066742064385394515,0.015649430774242
8299,0.8956475770105217,0.015821018784384314,0.08853140420509413
8300,0.851558493228775,0.007881883327395787,0.14055962344382936
8301,0.7834889294833741,0.03165862945972597,0.18485244105690005
8302,0.14298747104942414,0.04256145210505685,0.814451076845519
8303,0.9177620227742931,0.004824742544925444,0.07741323468078161
8304,0.026645938685759978,0.014869053394854405,0.9584850079193856
8305,0.957268559925208,0.010582546551421188,0.03214889352337082
8306,0.94488569504235,0.005059028612858654,0.050055276344791295
8307,0.01620144421235927,0.0022246887818237293,0.981573867005817
8308,0.640520597573116,0.002703637589955888,0.3567757648369282
8309,0.05173785576730377,0.01183889101726726,0.936423253215429
8310,0.8236973154366416,0.014165961341090065,0.16213672322226846
8311,0.823990690913603,0.005198954777971879,0.17081035430842506
8312,0.9508249100027285,0.010531933965552513,0.03864315603171895
8313,0.9683422325042084,0.01096731586549154,0.020690451630300175
8314,0.9779880691959577,0.0032532144092951775,0.01875871639474721
8315,0.8436190293896085,0.06344651291558238,0.09293445769480912
8316,0.8993135984732773,0.015915622380349995,0.08477077914637268
8317,0.7795513023679298,0.07328675877917563,0.1471619388528947
8318,0.5885284965807618,0.06036885971326687,0.3511026437059715
8319,0.01375055197069787,0.01301347957762025,0.9732359684516819
8320,0.828215642510659,0.008958543858997586,0.1628258136303434
8321,0.7069832666674941,0.01738133317453649,0.2756354001579694
8322,0.35670724782254065,0.052231918798700434,0.5910608333787589
8323,0.012764013437457464,0.004671603710255238,0.9825643828522873
8324,0.02974489075610956,0.010018323593058952,0.9602367856508315
8325,0.9846545017703917,0.00514943177458043,0.010196066455027875
8326,0.9663079894967936,0.007626413401652654,0.026065597101553668
8327,0.9706736298485712,0.005956065111791104,0.023370305039637797
8328,0.01945918550145694,0.001931617127456338,0.9786091973710868
8329,0.9883359507763434,0.0025070869863496096,0.009156962237306932
8330,0.29875795412626305,0.039395917458364446,0.6618461284153724
8331,0.9748384019652854,0.0037070794164227603,0.021454518618291802
8332,0.4579527676750951,0.16930852733715177,0.37273870498775313
8333,0.9075616801194565,0.0038188193146360527,0.08861950056590756
8334,0.9043746660400361,0.005814649938641162,0.08981068402132283
8335,0.9658490786706777,0.0028653672716191436,0.03128555405770307
8336,0.22315535020718555,0.01323917413079837,0.7636054756620162
8337,0.4094965209956216,0.017287855834107944,0.5732156231702704
8338,0.9310207562494932,0.006844002740295688,0.062135241010211104
8339,0.42311735148995355,0.11909913235718429,0.45778351615286206
8340,0.9655442102798456,0.005308498683698601,0.029147291036455674
8341,0.9004083962354424,0.01865486250404045,0.08093674126051716
8342,0.9819631796255407,0.004441634342331596,0.013595186032127582
8343,0.6932320433661611,0.013813669584383468,0.29295428704945553
8344,0.1254774918293525,0.052148297185805735,0.8223742109848418
8345,0.9826395171758614,0.0023899463254632514,0.01497053649867535
8346,0.6190456651006125,0.013561788911027777,0.36739254598835963
8347,0.48944263435205576,0.11559200433582423,0.39496536131212
8348,0.27221829511629736,0.0323288908787864,0.6954528140049161
8349,0.974755364775286,0.0021863195033897,0.023058315721324264
8350,0.5825739768722313,0.008636726855957783,0.4087892962718108
8351,0.8099040489165353,0.00649332960546114,0.18360262147800352
8352,0.9617904574646461,0.003606244881438163,0.03460329765391572
8353,0.02530734071860093,0.0026548985255777898,0.9720377607558214
8354,0.031936433739034896,0.04943557242881198,0.9186279938321532
8355,0.981870816120425,0.002445208865377312,0.015683975014197715
8356,0.801760576584542,0.00857901060793982,0.18966041280751822
8357,0.09065252929871745,0.013382212858033309,0.8959652578432493
8358,0.02404528670934901,0.02517148880918692,0.950783224481464
8359,0.9797196438504558,0.002564072110703825,0.017716284038840215
8360,0.8126948314493034,0.005615787017861959,0.18168938153283457
8361,0.3114080161392414,0.009280166592908331,0.6793118172678503
8362,0.8856095118527317,0.0295636622658604,0.08482682588140784
8363,0.3529454270320087,0.005768236879956894,0.6412863360880344
8364,0.9336641910040161,0.01280257331803472,0.053533235677949126
8365,0.8944537896736603,0.006492039539271205,0.09905417078706849
8366,0.6661803852600896,0.00854808762255335,0.32527152711735696
8367,0.898275308231,0.012339491717775725,0.08938520005122429
8368,0.9519942647960703,0.007677611651481049,0.04032812355244874
8369,0.5479003188039647,0.025586120957667952,0.4265135602383673
8370,0.8272600369659527,0.008952284933750538,0.16378767810029668
8371,0.804246141720706,0.017031454432068743,0.17872240384722524
8372,0.0050807558567912536,0.0022865296472477435,0.9926327144959609
8373,0.02950226916187986,0.016343861960016637,0.9541538688781035
8374,0.2219989169147163,0.008546173465592739,0.769454909619691
8375,0.9778737678933543,0.00552895578813227,0.01659727631851333
8376,0.0835616308175254,0.011642194663696665,0.9047961745187779
8377,0.8334696656790291,0.037538828164706294,0.12899150615626456
8378,0.8615056502778635,0.052231251790023026,0.08626309793211347
8379,0.9545496565860495,0.006265198957593819,0.03918514445635678
8380,0.7173001242575935,0.006242208908283503,0.27645766683412293
8381,0.9567459183725241,0.01091629599777932,0.03233778562969661
8382,0.8600642552461677,0.00426709638523884,0.13566864836859344
8383,0.9516703915623868,0.005809273962774676,0.04252033447483863
8384,0.9553334337168249,0.0033752698190631955,0.041291296464112
8385,0.1021982761440075,0.12412888651016939,0.773672837345823
8386,0.4469211744025785,0.03371131817447618,0.5193675074229452
8387,0.9849561990338485,0.0024475715429688903,0.012596229423182642
8388,0.61984150225044,0.01113872506391099,0.36901977268564895
8389,0.8042565032319802,0.04714993914520452,0.14859355762281537
8390,0.0492202912692631,0.007205215759089223,0.9435744929716476
8391,0.7690126212967819,0.022707629309035512,0.2082797493941827
8392,0.8678094044818436,0.029743633190729445,0.10244696232742688
8393,0.9871547763094637,0.0027849163356050825,0.01006030735493123
8394,0.6179742198063991,0.03747906241391015,0.3445467177796906
8395,0.3205552559125007,0.031269378061282375,0.6481753660262168
8396,0.8131114843618046,0.02450299635202056,0.16238551928617487
8397,0.9338343089347936,0.006543742191305793,0.05962194887390062
8398,0.9640491516823239,0.003328301658057984,0.03262254665961809
8399,0.8833952547594043,0.04978002916630242,0.06682471607429338
8400,0.006391335782384852,0.0050085284085602914,0.9886001358090549
8401,0.5226202912307529,0.18739417798324357,0.28998553078600353
8402,0.19588274166544212,0.0843310955405033,0.7197861627940546
8403,0.03609157852942352,0.06205607833188908,0.9018523431386875
8404,0.749603831191772,0.007028032918141672,0.24336813589008632
8405,0.08968701932029187,0.008414239172735833,0.9018987415069724
8406,0.873316120847156,0.00502931085452778,0.12165456829831608
8407,0.9459286588771794,0.005334215319029457,0.048737125803791165
8408,0.7775252363758144,0.02127817153726165,0.20119659208692392
8409,0.06001467119720514,0.009447719260043681,0.9305376095427511
8410,0.40948868169632785,0.25353528035789097,0.33697603794578107
8411,0.8695124215880503,0.024365332774270634,0.10612224563767918
8412,0.01745406789880867,0.0032816271943587544,0.9792643049068326
8413,0.010780354687264921,0.01286911359342915,0.9763505317193059
8414,0.9497576222817294,0.004238116742841525,0.04600426097542902
8415,0.9230444950979164,0.017391049913963383,0.059564454988120186
8416,0.9511615990106143,0.008363193458200401,0.04047520753118539
8417,0.5174277311546905,0.013509928000641816,0.4690623408446677
8418,0.880102147761054,0.02701908506156729,0.09287876717737864
8419,0.04127210242438084,0.019088029145478923,0.9396398684301401
8420,0.809611563046364,0.009973797151783634,0.18041463980185254
8421,0.0988402373259951,0.04681594096001747,0.8543438217139875
8422,0.9580689189721752,0.005711244187982879,0.03621983683984203
8423,0.9532195885536648,0.008643967404051676,0.03813644404228342
8424,0.6228835263028909,0.07186071082076971,0.3052557628763394
8425,0.9419389074909181,0.015330614786862538,0.04273047772221932
8426,0.04066260961426649,0.036285507306398235,0.9230518830793353
8427,0.7616745072211981,0.0595911339259325,0.17873435885286942
8428,0.9881411319278013,0.0021089793966599536,0.009749888675538778
8429,0.9674232517499456,0.0026233139100731843,0.029953434339981214
8430,0.9314307452130693,0.018120000413404842,0.050449254373525765
8431,0.07550062427661498,0.010124998224157326,0.9143743774992277
8432,0.5787838158437545,0.08352111453478768,0.33769506962145796
8433,0.876538528660792,0.04245621526820548,0.08100525607100259
8434,0.02354847041135069,0.018942346831032915,0.9575091827576164
8435,0.9641426740547867,0.0025656006735831596,0.03329172527163031
8436,0.7813081346659433,0.03720627272226679,0.18148559261178993
8437,0.029625345165348392,0.021997787451966462,0.9483768673826851
8438,0.9590546828851314,0.019976803144424217,0.02096851397044444
8439,0.3940724315876615,0.08381554341306005,0.5221120249992784
8440,0.8553664972087295,0.047276375796998595,0.09735712699427196
8441,0.4450342520804504,0.008799381236947073,0.5461663666826025
8442,0.9582354476133151,0.008594679064107219,0.03316987332257769
8443,0.9331245560470223,0.003930223312809288,0.0629452206401684
8444,0.9485796111445884,0.011891760428316678,0.0395286284270949
8445,0.9843424759870135,0.006247399103334728,0.00941012490965178
8446,0.8053964122401566,0.00928486907011141,0.185318718689732
8447,0.08606407969322251,0.029725320560368466,0.884210599746409
8448,0.9477039330141185,0.0017130016616011305,0.05058306532428038
8449,0.2902211626972311,0.20608982768274395,0.5036890096200249
8450,0.5066874632980637,0.032705592829517134,0.46060694387241924
8451,0.960831139477339,0.00551260815568819,0.033656252366972644
8452,0.977185550150273,0.004535904820277068,0.01827854502944981
8453,0.8792995542234043,0.02588924463242013,0.09481120114417552
8454,0.38687243959578027,0.029322580743694576,0.5838049796605252
8455,0.14670646027162978,0.005829753808222834,0.8474637859201475
8456,0.4858700066156421,0.02201537759183173,0.49211461579252613
8457,0.9680298333133173,0.003592244278159685,0.028377922408522993
8458,0.5645648237693673,0.0843112875617815,0.3511238886688511
8459,0.967037086104436,0.008489754932745215,0.0244731589628188
8460,0.9565394400425978,0.015987272863094298,0.027473287094307904
8461,0.06341011830225572,0.045457714255299576,0.8911321674424447
8462,0.9361709918264328,0.011113506742861943,0.052715501430705296
8463,0.37295108058500553,0.015508753604077437,0.611540165810917
8464,0.9271909933470215,0.024339763326411183,0.04846924332656717
8465,0.39309736857623007,0.012911880114137153,0.5939907513096329
8466,0.8949774271184413,0.018153802485968235,0.08686877039559053
8467,0.9796010513664359,0.001863931427187943,0.01853501720637623
8468,0.306472445519475,0.10657736675672005,0.586950187723805
8469,0.17936269045087547,0.09073915392198409,0.7298981556271404
8470,0.6905922297901793,0.030112910759192545,0.2792948594506281
8471,0.9521296677811029,0.0024638888889112597,0.045406443329985884
8472,0.8683042128182502,0.016562507182905136,0.11513327999884466
8473,0.9596464931958695,0.01933669913393591,0.021016807670194673
8474,0.8939396825825168,0.01555669173388469,0.09050362568359857
8475,0.12319813315670651,0.010002347274717832,0.8667995195685756
8476,0.9196688093365404,0.009606136240013812,0.0707250544234458
8477,0.5063420062364768,0.1470173722198861,0.3466406215436371
8478,0.9394537975554685,0.014436371990864044,0.04610983045366735
8479,0.9694930462962353,0.008800120454801037,0.021706833248963737
8480,0.9446728008132536,0.007492775551556384,0.04783442363518987
8481,0.985294893193235,0.007319297662140285,0.007385809144624648
8482,0.4279202188115932,0.02774075208739371,0.5443390291010132
8483,0.07278389325440153,0.009668847419447641,0.9175472593261509
8484,0.8809121634503533,0.014475719763808879,0.10461211678583775
8485,0.9754738153526119,0.004506970029816167,0.020019214617571803
8486,0.07911263841751419,0.011069606748171647,0.9098177548343142
8487,0.6768154329518374,0.015391469214282505,0.30779309783388004
8488,0.9612906444850681,0.006758000163537171,0.031951355351394796
8489,0.707141015990276,0.020551740150853374,0.2723072438588707
8490,0.10244592918678583,0.03576542555617146,0.8617886452570427
8491,0.08241347395104995,0.006177275528904903,0.9114092505200452
8492,0.8209898492186929,0.04613519940836085,0.13287495137294628
8493,0.8704158134587104,0.01003500451495845,0.11954918202633107
8494,0.8147206240412512,0.00714658394879548,0.1781327920099533
8495,0.9462164564382475,0.02513902771094507,0.028644515850807517
8496,0.8372495691247392,0.030910236951060814,0.13184019392420002
8497,0.9619005248128351,0.005913813945484598,0.032185661241680326
8498,0.08015161875292821,0.01273469636319083,0.907113684883881
8499,0.9690631918127832,0.005353431015264714,0.02558337717195209
8500,0.9170952216239243,0.026709182181634684,0.05619559619444099
8501,0.8352529792982755,0.009991404005427475,0.15475561669629712
8502,0.0466303122291682,0.005180133911595119,0.9481895538592366
8503,0.8815131760320968,0.016229593654715383,0.10225723031318776
8504,0.0347277030553608,0.009317852091152363,0.9559544448534868
8505,0.946841189626415,0.0026436935759911926,0.05051511679759388
8506,0.9795703329864925,0.001932895149542534,0.018496771863964832
8507,0.840907680831845,0.003977441172390451,0.15511487799576473
8508,0.8537828075786542,0.00529494497371864,0.1409222474476271
8509,0.9721146020423904,0.006128063603217203,0.02175733435439239
8510,0.6369780038326611,0.11036459159933458,0.2526574045680044
8511,0.9654775799473255,0.013362356794035815,0.021160063258638725
8512,0.03982119142015704,0.0048581303160974395,0.9553206782637456
8513,0.5184232766459957,0.10264595432101495,0.3789307690329894
8514,0.07620432083194936,0.010829116058647495,0.912966563109403
8515,0.8960127054532075,0.00526381830609315,0.09872347624069913
8516,0.1765475278941048,0.024105135538577564,0.7993473365673176
8517,0.496388072942999,0.025909338972835497,0.4777025880841655
8518,0.43273096364526586,0.2321536705138934,0.3351153658408408
8519,0.4745849417479126,0.031719686382170584,0.49369537186991674
8520,0.980022393337528,0.006489212306330732,0.013488394356141298
8521,0.9419352560566782,0.006131841511157736,0.05193290243216417
8522,0.8252647724541888,0.03133611927616983,0.1433991082696413
8523,0.029830962086794945,0.006299449447809973,0.9638695884653952
